頻度の多いカウント数は順に, mod: [6623 6639 6541 6579 6633], mult: [9216 9218 3069 3076 3075], sum: [15839 15855 15757 15909 15849]
頻度の多いカウント数は順に, mod: [6677 6741 6679 6655 6629], mult: [9216 9218 3069 3076 3075], sum: [15893 15957 15895 15845 15871]
頻度の多いカウント数は順に, mod: [6537 6563 6723 6601 6615], mult: [9216 9218 3069 3076 3075], sum: [15753 15779 15817 15831 15939]
頻度の多いカウント数は順に, mod: [6605 6715 6677 6747 6607], mult: [9216 9218 3069 3076 3075], sum: [15931 15821 15773 15893 15963]
頻度の多いカウント数は順に, mod: [6721 6557 6683 6665 6655], mult: [9216 9218 3069 3076 3075], sum: [15773 15937 15899 15881 15871]
頻度の多いカウント数は順に, mod: [6767 6543 6583 6575 6667], mult: [9216 9218 3069 3076 3075], sum: [15983 15759 15801 15799 15847]
頻度の多いカウント数は順に, mod: [6673 6605 6547 6723 6659], mult: [9216 9218 3069 3076 3075], sum: [15889 15939 15821 15763 15795]
頻度の多いカウント数は順に, mod: [6747 6671 6649 6729 6601], mult: [9216 9218 3069 3076 3075], sum: [15963 15865 15887 15945 15853]
頻度の多いカウント数は順に, mod: [6587 6555 6767 6699 6531], mult: [9216 9218 3069 3076 3075], sum: [15771 15803 15983 15747 15915]
頻度の多いカウント数は順に, mod: [6647 6697 6627 6667 6617], mult: [9216 9218 3069 3076 3075], sum: [15863 15913 15843 15883 15837]
頻度の多いカウント数は順に, mod: [6743 6735 6603 6633 6691], mult: [9216 9218 3069 3076 3075], sum: [15959 15951 15819 15849 15907]
頻度の多いカウント数は順に, mod: [6587 6701 6535 6705 6661], mult: [9216 9218 3069 3076 3075], sum: [15803 15917 15751 15921 15891]
頻度の多いカウント数は順に, mod: [6607 6629 6767 6579 6635], mult: [9216 9218 3069 3076 3075], sum: [15823 15845 15851 15983 15795]
頻度の多いカウント数は順に, mod: [6697 6551 6567 6597 6729], mult: [9216 9218 3069 3076 3075], sum: [15913 15767 15783 15963 15813]
頻度の多いカウント数は順に, mod: [6589 6529 6671 6699 6577], mult: [9216 9218 3069 3076 3075], sum: [15805 15887 15745 15793 15915]
頻度の多いカウント数は順に, mod: [6703 6727 6725 6699 6757], mult: [9216 9218 3069 3076 3075], sum: [15919 15943 15941 15915 15973]
頻度の多いカウント数は順に, mod: [6645 6711 6569 6739 6551], mult: [9216 9218 3069 3076 3075], sum: [15861 15927 15785 15955 15767]
頻度の多いカウント数は順に, mod: [6651 6567 6547 6669 6561], mult: [9216 9218 3069 3076 3075], sum: [15867 15763 15885 15783 15961]
頻度の多いカウント数は順に, mod: [6609 6591 6561 6605 6661], mult: [9216 9218 3069 3076 3075], sum: [15825 15807 15877 15821 15861]
頻度の多いカウント数は順に, mod: [6679 6637 6723 6647 6623], mult: [9216 9218 3069 3076 3075], sum: [15895 15939 15853 15863 15943]
頻度の多いカウント数は順に, mod: [6659 6733 6775 6667 6703], mult: [9216 9218 3069 3076 3075], sum: [15875 15949 15919 15883 15991]
頻度の多いカウント数は順に, mod: [6679 6641 6737 6595 6631], mult: [9216 9218 3069 3076 3075], sum: [15895 15857 15953 15811 15771]
