頻度の多いカウント数は順に, mod: [3311 3319 3270 3316 3346], mult: [4607 4609 1538 1531 1532], sum: [7918 7926 7877 7888 7923]
頻度の多いカウント数は順に, mod: [3370 3338 3339 3327 3314], mult: [4607 4609 1538 1531 1532], sum: [7977 7945 7946 7934 7914]
頻度の多いカウント数は順に, mod: [3268 3361 3300 3307 3281], mult: [4607 4609 1538 1531 1532], sum: [7875 7888 7914 7968 7907]
頻度の多いカウント数は順に, mod: [3357 3302 3278 3338 3373], mult: [4607 4609 1538 1531 1532], sum: [7909 7964 7885 7980 7910]
頻度の多いカウント数は順に, mod: [3278 3360 3341 3327 3332], mult: [4607 4609 1538 1531 1532], sum: [7885 7967 7948 7934 7939]
頻度の多いカウント数は順に, mod: [3271 3383 3291 3315 3333], mult: [4607 4609 1538 1531 1532], sum: [7990 7878 7899 7898 7894]
頻度の多いカウント数は順に, mod: [3370 3269 3281 3299 3302], mult: [4607 4609 1538 1531 1532], sum: [7977 7876 7888 7909 7906]
頻度の多いカウント数は順に, mod: [3336 3302 3361 3273 3298], mult: [4607 4609 1538 1531 1532], sum: [7943 7968 7909 7880 7935]
頻度の多いカウント数は順に, mod: [3373 3324 3335 3300 3318], mult: [4607 4609 1538 1531 1532], sum: [7980 7931 7942 7971 7925]
頻度の多いカウント数は順に, mod: [3293 3277 3383 3349 3265], mult: [4607 4609 1538 1531 1532], sum: [7900 7884 7990 7956 7872]
頻度の多いカウント数は順に, mod: [3323 3348 3313 3333 3308], mult: [4607 4609 1538 1531 1532], sum: [7930 7955 7920 7915 7940]
頻度の多いカウント数は順に, mod: [3371 3367 3301 3345 3316], mult: [4607 4609 1538 1531 1532], sum: [7978 7974 7908 7923 7952]
頻度の多いカウント数は順に, mod: [3293 3350 3267 3352 3330], mult: [4607 4609 1538 1531 1532], sum: [7900 7957 7874 7959 7944]
頻度の多いカウント数は順に, mod: [3303 3314 3383 3317 3289], mult: [4607 4609 1538 1531 1532], sum: [7910 7921 7990 7924 7896]
頻度の多いカウント数は順に, mod: [3275 3348 3344 3298 3364], mult: [4607 4609 1538 1531 1532], sum: [7882 7955 7951 7980 7971]
頻度の多いカウント数は順に, mod: [3294 3264 3335 3288 3349], mult: [4607 4609 1538 1531 1532], sum: [7901 7871 7942 7956 7895]
頻度の多いカウント数は順に, mod: [3351 3363 3362 3378 3330], mult: [4607 4609 1538 1531 1532], sum: [7958 7970 7969 7956 7985]
頻度の多いカウント数は順に, mod: [3322 3355 3284 3369 3275], mult: [4607 4609 1538 1531 1532], sum: [7929 7962 7891 7976 7882]
頻度の多いカウント数は順に, mod: [3325 3283 3273 3334 3372], mult: [4607 4609 1538 1531 1532], sum: [7932 7890 7941 7880 7979]
頻度の多いカウント数は順に, mod: [3304 3295 3280 3302 3330], mult: [4607 4609 1538 1531 1532], sum: [7911 7902 7937 7929 7887]
頻度の多いカウント数は順に, mod: [3339 3361 3323 3318 3311], mult: [4607 4609 1538 1531 1532], sum: [7946 7925 7930 7968 7885]
頻度の多いカウント数は順に, mod: [3329 3387 3366 3333 3351], mult: [4607 4609 1538 1531 1532], sum: [7936 7958 7994 7940 7973]
頻度の多いカウント数は順に, mod: [3339 3368 3320 3297 3325], mult: [4607 4609 1538 1531 1532], sum: [7946 7975 7927 7904 7896]
